0.000000000000000000e+00
0.000000000000000000e+00
0.000000000000000000e+00
0.000000000000000000e+00
0.000000000000000000e+00
1.800000000000000044e+00
-5.000000000000000278e-02
8.000000000000000444e-01
-1.199999999999999956e+00
1.199999999999999956e-01
3.339018008582395209e-07
-2.954445213149820880e-10
-1.082609855119723767e-08
-5.854560096810563163e-08
8.218947496484378031e-06
-5.755602966052743432e-06
-5.503964592346725937e-09
2.565049478878620389e-08
-1.403662802019019447e-05
7.008288492024234949e-06
